0
allTextures:0:
1
allTextures:1:res/image.png;
tag:bg;
objectType:1;5;
triggerType:2;
transforms:0;0;2;2;0;
visual:res/image.png;0;
animations:0;0;0;0;0;200;-462426308;0;0;0;0;0;200;-462426308;0;0;0;0;0;200;-462426308;0;0;0;0;0;200;-462426308;0;0;0;0;0;200;-462426308;0;0;0;0;0;200;-462426308;0;0;0;0;0;200;-462426308;0;0;0;0;0;200;-462426308;0;0;0;0;0;200;-462426308;
movement:0;0;
followTarget:;0;
patrolPoints:0:
controlls:22;18;0;3;4;16;
attacks:0:3;1;3;1;1;0;0;0;0;;0;0;2;0;0;;;0;0;200;0;0;0;0;0;1:3;1;3;1;1;0;0;0;0;;0;0;2;0;0;;;0;0;200;0;0;0;0;0;
