5
allTextures:2:res/image.png;res/animationTest.png;
tag:2;
objectType:2;5;
triggerType:2;
transforms:50;50;0.2;0.2;0;
visual:res/image.png;0;
animations:0;0;0;0;0;200;1546637932;0;0;0;0;0;200;1546637932;0;0;0;0;0;200;1546637932;0;0;0;0;0;200;1546637932;0;0;0;0;0;200;1546637932;0;0;0;0;0;200;1546637932;0;0;0;0;0;200;1546637932;0;0;0;0;0;200;1546637932;0;0;0;0;0;200;1546637932;
movement:0;0;
followTarget:;0;
patrolPoints:0:
controlls:22;18;0;3;4;16;
attacks:0:3;1;3;1;1;0;0;0;0;;0;0;2;0;0;;;0;0;200;0;0;0;0;0;1:3;1;3;1;1;0;0;0;0;;0;0;2;0;0;;;0;0;200;0;0;0;0;0;tag:3;
objectType:0;3;
triggerType:2;
transforms:500;500;50;50;0;
visual:res/animationTest.png;0;
animations:0;0;0;0;0;200;1546637932;0;0;0;0;0;200;1546637932;0;0;0;0;0;200;1546637932;0;0;0;0;0;200;1546637932;0;0;0;0;0;200;1546637932;0;0;0;0;0;200;1546637932;0;0;0;0;0;200;1546637932;0;0;0;0;0;200;1546637932;0;0;0;0;0;200;1546637932;
movement:1;300;
followTarget:hand;200;
patrolPoints:4:10;500;100;500;
controlls:22;18;0;3;4;16;
attacks:0:3;1;3;1;1;0;0;0;0;;0;0;2;0;0;;;0;0;200;0;0;0;0;0;1:3;1;3;1;1;0;0;0;0;;0;0;2;0;0;;;0;0;200;0;0;0;0;0;tag:4;
objectType:0;3;
triggerType:2;
transforms:600;600;50;50;0;
visual:res/animationTest.png;0;
animations:0;0;0;0;0;200;1546637932;0;0;0;0;0;200;1546637932;0;0;0;0;0;200;1546637932;0;0;0;0;0;200;1546637932;0;0;0;0;0;200;1546637932;0;0;0;0;0;200;1546637932;0;0;0;0;0;200;1546637932;0;0;0;0;0;200;1546637932;0;0;0;0;0;200;1546637932;
movement:1;300;
followTarget:hand;200;
patrolPoints:4:10;500;100;500;
controlls:22;18;0;3;4;16;
attacks:0:3;1;3;1;1;0;0;0;0;;0;0;2;0;0;;;0;0;200;0;0;0;0;0;1:3;1;3;1;1;0;0;0;0;;0;0;2;0;0;;;0;0;200;0;0;0;0;0;tag:5;
objectType:0;3;
triggerType:2;
transforms:700;700;50;50;0;
visual:res/animationTest.png;0;
animations:0;0;0;0;0;200;1546637932;0;0;0;0;0;200;1546637932;0;0;0;0;0;200;1546637932;0;0;0;0;0;200;1546637932;0;0;0;0;0;200;1546637932;0;0;0;0;0;200;1546637932;0;0;0;0;0;200;1546637932;0;0;0;0;0;200;1546637932;0;0;0;0;0;200;1546637932;
movement:1;300;
followTarget:hand;200;
patrolPoints:4:10;500;100;500;
controlls:22;18;0;3;4;16;
attacks:0:3;1;3;1;1;0;0;0;0;;0;0;2;0;0;;;0;0;200;0;0;0;0;0;1:3;1;3;1;1;0;0;0;0;;0;0;2;0;0;;;0;0;200;0;0;0;0;0;tag:6;
objectType:0;3;
triggerType:2;
transforms:900;900;50;50;0;
visual:res/animationTest.png;0;
animations:0;0;0;0;0;200;1546637932;0;0;0;0;0;200;1546637932;0;0;0;0;0;200;1546637932;0;0;0;0;0;200;1546637932;0;0;0;0;0;200;1546637932;0;0;0;0;0;200;1546637932;0;0;0;0;0;200;1546637932;0;0;0;0;0;200;1546637932;0;0;0;0;0;200;1546637932;
movement:1;300;
followTarget:hand;200;
patrolPoints:4:10;500;100;500;
controlls:22;18;0;3;4;16;
attacks:0:3;1;3;1;1;0;0;0;0;;0;0;2;0;0;;;0;0;200;0;0;0;0;0;1:3;1;3;1;1;0;0;0;0;;0;0;2;0;0;;;0;0;200;0;0;0;0;0;
