3
allTextures:3:res/image.png;res/animationTest.png;res/facelessvoid.png;
tag:bg;
objectType:1;5;
triggerType:2;
transforms:0;0;2;2;0;
health:res/animationTest.png;550;300;0.5;0.5;0;
visual:res/image.png;0;
animations:0;0;0;0;0;200;1806687928;0;0;0;0;0;200;1806687928;0;0;0;0;0;200;1806687928;0;0;0;0;0;200;1806687928;0;0;0;0;0;200;1806687928;0;0;0;0;0;200;1806687928;0;0;0;0;0;200;1806687928;0;0;0;0;0;200;1806687928;0;0;0;0;0;200;1806687928;
movement:0;0;
followTarget:;0;
patrolPoints:0:
controlls:22;18;0;3;4;16;
attacks:0:3;1;3;1;1;0;0;0;0;;0;0;2;0;0;;;0;0;200;0;0;0;0;0;1:3;1;3;1;1;0;0;0;0;;0;0;2;0;0;;;0;0;200;0;0;0;0;0;tag:bg;
objectType:2;5;
triggerType:2;
transforms:50;50;10;10;0;
health:res/animationTest.png;550;300;0.5;0.5;0;
visual:res/animationTest.png;0;
animations:0;0;0;0;0;200;1806687928;0;0;0;0;0;200;1806687928;0;0;0;0;0;200;1806687928;0;0;0;0;0;200;1806687928;0;0;0;0;0;200;1806687928;0;0;0;0;0;200;1806687928;0;0;0;0;0;200;1806687928;0;0;0;0;0;200;1806687928;0;0;0;0;0;200;1806687928;
movement:0;0;
followTarget:;0;
patrolPoints:0:
controlls:22;18;0;3;4;16;
attacks:0:3;1;3;1;1;0;0;0;0;;0;0;2;0;0;;;0;0;200;0;0;0;0;0;1:3;1;3;1;1;0;0;0;0;;0;0;2;0;0;;;0;0;200;0;0;0;0;0;tag:test;
objectType:0;3;
triggerType:2;
transforms:500;500;0.04;0.04;0;
health:res/animationTest.png;550;300;0.5;0.5;0;
visual:res/facelessvoid.png;0;
animations:0;0;0;0;0;200;1806687928;0;0;0;0;0;200;1806687928;0;0;0;0;0;200;1806687928;0;0;0;0;0;200;1806687928;0;0;0;0;0;200;1806687928;0;0;0;0;0;200;1806687928;0;0;0;0;0;200;1806687928;0;0;0;0;0;200;1806687928;0;0;0;0;0;200;1806687928;
movement:1;300;
followTarget:hand;200;
patrolPoints:4:10;500;100;500;
controlls:22;18;0;3;4;16;
attacks:0:3;1;3;1;1;0;0;0;0;;0;0;2;0;0;;;0;0;200;0;0;0;0;0;1:3;1;3;1;1;0;0;0;0;;0;0;2;0;0;;;0;0;200;0;0;0;0;0;
