1
allTextures:1:res/animationTest.png;
tag:hand;
triggerType:2;
transforms:1;1;20;20;0;
visual:res/animationTest.png;1;
animations:0;0;4;4;4;0.2;710471196;0;4;4;4;4;0.2;710471196;0;8;4;4;4;0.2;710471196;0;0;0;0;0;0;710471196;0;0;0;0;0;0;710471196;0;0;0;0;0;0;710471196;0;0;0;0;0;0;710471196;0;0;0;0;0;0;710471196;0;0;0;0;0;0;710471196;
movement:3;500;
followTarget:;0;
patrolPoints:0:
controlls:22;18;0;3;4;2;
attacks:0:3;3;1;1;0;0;0;0;;0;0;2;0;0;;;0;0;200;0;0;0;0;0;1:0;1;1;1;0;0;0;0;;0;0;0;0;0;;;0;0;2500;0;0;0;0.1;0;
